[ 0.  0.  0.  0.  0.  0.  0.  0.  0.  0.  0.  0.  0.  0.  0.  0.  0.  0.
  0.  0.  0.  0.  0.  0.  0.  0.  0.  0.  0.  0.  0.  0.  0.  0.  0.  0.
  0.  0.  0. 22.  0.  0.  0.  0.  0.  0.  0.  0.  0.  0.  0.  0.  0.  0.
 21.  0.  0.  0.  0.  0.  0.  0.  0.  0.  0.  9.  0. 18. 31. 15.  6.  0.
  0.  0.  0.  0.  0.  0.  0.  0. 26.  8.  7. 12.  5.  0.  0.  0.  0.  0.
  0.  0.  0.  0.  0.  0. 13.  4.  3. 19.  0.  0.  0.  0.  0.  0.  0.  0.
  0.  0. 29. 14.  1.  2. 20.  0.  0.  0.  0.  0.  0.  0.  0.  0. 30. 16.
 23.  0. 25. 10.  0.  0.  0.  0.  0.  0.  0.  0.  0. 17. 24.  0.  0.  0.
 27. 11.  0.  0.  0.  0.  0.  0.  0.  0.  0.  0.  0.  0.  0.  0. 28.  0.
  0.  0.  0.  0.  0.  0.  0.  0.  0.  0.  0.  0.  0.  0.  0.  0.  0.  0.
  0.  0.  0.  0.  0.  0.  0.  0.  0.  0.  0.  0.  0.  0.  0.  0.  0.  0.
  0.  0.  0.  0.  0.  0.  0.  0.  0.  0.  0.  0.  0.  0.  0.  0.  0.  0.
  0.  0.  0.  0.  0.  0.  0.  0.  0.]