[ 0.  0.  0.  0.  0.  0.  0.  0.  0.  0.  0.  0.  0.  0.  0.  0.  0.  0.
  0.  0.  0.  0.  0.  0.  0.  0.  0.  0.  0.  0.  0.  0.  0.  0.  0.  0.
  0.  0.  0.  0.  0.  0.  0.  0.  0.  0.  0.  0.  0.  0.  0.  0. 31. 56.
  0.  0.  0.  0.  0.  0.  0.  0.  0.  0.  0.  0. 30.  0. 16.  9. 54.  0.
 42.  0.  0.  0.  0.  0.  0. 29.  6.  0. 11.  8. 10. 53. 41. 50.  0.  0.
  0.  0.  0. 35. 20. 24.  1.  2.  7.  0. 23. 49.  0.  0.  0.  0.  0.  0.
 32. 19. 15.  4.  3. 25. 39. 45. 46. 55.  0.  0.  0.  0. 33. 34. 17. 12.
 14. 26.  5. 47. 51.  0.  0. 57.  0.  0.  0.  0. 18. 13.  0. 38. 40. 27.
  0. 52.  0.  0.  0.  0.  0.  0.  0. 36. 21.  0. 43. 48. 28.  0.  0.  0.
  0.  0.  0.  0.  0.  0. 37. 22.  0. 44.  0.  0.  0.  0.  0.  0.  0.  0.
  0.  0.  0.  0.  0.  0.  0.  0.  0.  0.  0.  0.  0.  0.  0.  0.  0.  0.
  0.  0.  0.  0.  0.  0.  0.  0.  0.  0.  0.  0.  0.  0.  0.  0.  0.  0.
  0.  0.  0.  0.  0.  0.  0.  0.  0.]