[ 0.  0.  0.  0.  0.  0.  0.  0.  0.  0.  0.  0.  0.  0.  0.  0.  0.  0.
  0.  0.  0.  0.  0.  0.  0.  0.  0.  0.  0.  0.  0.  0.  0.  0.  0.  0.
  0.  0.  0.  0.  0.  0.  0.  0.  0.  0.  0.  0.  0.  0.  0.  0.  0.  0.
  0. 11.  0.  0.  0.  0.  0.  0.  0.  0.  0.  0.  0.  0.  0. 10.  0. 16.
  0.  0.  0.  0.  0.  0.  0.  0. 20.  0.  0.  8. 14. 15.  0.  0.  0.  0.
  0.  0.  0.  0.  0.  0.  7.  2.  4. 13.  0.  0.  0.  0.  0.  0.  0.  0.
  0.  0.  0.  6.  1.  3.  5. 12.  0.  0.  0.  0.  0.  0.  0.  0.  0.  9.
 33. 17. 19. 23.  0.  0.  0.  0.  0.  0.  0.  0.  0.  0.  0. 18. 31. 25.
 21.  0.  0.  0.  0.  0.  0.  0.  0.  0.  0.  0.  0. 27. 26. 24. 22. 28.
 29.  0.  0.  0.  0.  0.  0.  0.  0. 30. 32.  0.  0.  0.  0.  0.  0.  0.
  0.  0.  0.  0.  0.  0.  0.  0.  0.  0.  0.  0.  0.  0.  0.  0.  0.  0.
  0.  0.  0.  0.  0.  0.  0.  0.  0.  0.  0.  0.  0.  0.  0.  0.  0.  0.
  0.  0.  0.  0.  0.  0.  0.  0.  0.]