[ 0.  0.  0.  0.  0.  0.  0.  0.  0.  0.  0.  0.  0.  0.  0.  0.  0.  0.
  0.  0.  0.  0.  0.  0.  0.  0.  0.  0.  0.  0.  0.  0.  0.  0.  0.  0.
  0.  0.  0.  0.  0.  0.  0.  0.  0.  0.  0.  0.  0. 11.  0.  0.  0.  0.
  0.  0.  0.  0.  0.  0.  0.  0. 19. 20. 18. 10.  6. 16. 17.  0.  0.  0.
  0.  0.  0.  0.  0.  0.  0.  0.  0.  8.  5.  0. 13.  0.  0.  0.  0.  0.
  0.  0.  0.  0.  0.  0. 12.  4.  3.  0.  0.  0.  0.  0.  0.  0.  0.  0.
  0.  0.  0. 15.  7.  2.  1.  0.  0.  0.  0.  0.  0.  0.  0.  0.  0.  0.
 14.  0.  0.  9.  0.  0.  0.  0.  0.  0.  0.  0.  0.  0.  0.  0.  0.  0.
  0.  0.  0.  0.  0.  0.  0.  0.  0.  0.  0.  0.  0.  0.  0.  0.  0.  0.
  0.  0.  0.  0.  0.  0.  0.  0.  0.  0.  0.  0.  0.  0.  0.  0.  0.  0.
  0.  0.  0.  0.  0.  0.  0.  0.  0.  0.  0.  0.  0.  0.  0.  0.  0.  0.
  0.  0.  0.  0.  0.  0.  0.  0.  0.  0.  0.  0.  0.  0.  0.  0.  0.  0.
  0.  0.  0.  0.  0.  0.  0.  0.  0.]