[ 0.  0.  0.  0.  0.  0.  0.  0.  0.  0.  0.  0.  0.  0.  0.  0.  0.  0.
  0.  0.  0.  0.  0.  0.  0.  0.  0.  0.  0.  0.  0.  0.  0.  0.  0.  0.
  0.  0.  0.  0.  0.  0.  0.  0.  0.  0.  0.  0.  0.  0.  0.  0.  0.  0.
  0.  0.  0.  0.  0.  0.  0.  0.  0.  0.  0.  0.  0.  0.  0.  0.  0.  0.
  0.  0.  0.  0. 20.  0.  0.  0.  0.  0.  0.  0.  0.  0.  0.  0.  0.  0.
  0.  0. 19.  0.  0.  0. 23.  0.  0.  0.  0.  0.  0.  0.  0.  0.  0.  0.
  9.  0.  0. 13.  0.  0.  0.  0.  0.  0.  0.  0.  0.  0.  0. 24.  7.  8.
  5.  0.  0.  0.  0.  0.  0.  0.  0.  0.  0.  0. 22.  4.  3. 21. 11.  0.
  0.  0.  0.  0.  0.  0.  0.  0.  0. 12.  1.  2. 10.  0.  0.  0.  0.  0.
  0.  0.  0.  0.  0. 14.  6. 16. 17.  0.  0.  0.  0.  0.  0.  0.  0.  0.
  0. 15.  0. 18.  0.  0.  0.  0.  0.  0.  0.  0.  0.  0.  0.  0.  0.  0.
  0.  0.  0.  0.  0.  0.  0.  0.  0.  0.  0.  0.  0.  0.  0.  0.  0.  0.
  0.  0.  0.  0.  0.  0.  0.  0.  0.]