[ 0.  0.  0.  0.  0.  0.  0.  0.  0.  0.  0.  0.  0.  0.  0.  0.  0.  0.
  0.  0.  0.  0.  0.  0.  0.  0.  0.  0.  0.  0.  0.  0.  0.  0.  0.  0.
  0.  0.  0.  0.  0.  0.  0.  0.  0.  0.  0.  0.  0.  0.  0.  0.  0.  0.
  0.  0.  0.  0.  0.  0.  0.  0.  0. 22.  0.  0.  0.  6.  0. 12.  0.  0.
  0.  0.  0.  0.  0.  0.  0. 21. 26.  0.  5. 11.  0.  0.  0.  0.  0.  0.
  0.  0.  0. 32.  0. 19. 10.  3.  4.  0.  0.  0.  0.  0.  0.  0.  0.  0.
 28. 27. 23. 17.  1.  2.  0.  0.  0.  0.  0.  0.  0.  0.  0.  0. 16. 15.
 13.  7.  9. 14.  0.  0.  0.  0.  0.  0.  0.  0.  0. 18. 24. 25.  8. 20.
  0.  0.  0.  0.  0.  0.  0.  0.  0.  0.  0.  0. 29. 31.  0.  0.  0.  0.
  0.  0.  0.  0.  0.  0.  0.  0.  0. 30.  0. 33.  0.  0.  0.  0.  0.  0.
  0.  0.  0.  0.  0.  0.  0.  0.  0.  0.  0.  0.  0.  0.  0.  0.  0.  0.
  0.  0.  0.  0.  0.  0.  0.  0.  0.  0.  0.  0.  0.  0.  0.  0.  0.  0.
  0.  0.  0.  0.  0.  0.  0.  0.  0.]