[ 0.  0.  0.  0.  0.  0.  0.  0.  0.  0.  0.  0.  0.  0.  0.  0.  0.  0.
  0.  0.  0.  0.  0.  0.  0.  0.  0.  0.  0.  0.  0.  0.  0.  0.  0.  0.
  0.  0.  0.  0.  0.  0.  0.  0.  0.  0.  0.  0.  0.  0.  0.  0.  0.  0.
  0.  0.  0.  0.  0.  0.  0.  0.  0.  0.  0.  0.  0.  0. 32. 40.  0.  0.
  0.  0.  0.  0.  0.  0.  0.  0.  0.  0. 16. 37. 12. 36. 22.  0.  0.  0.
  0.  0.  0.  0.  0.  0.  8.  1.  7.  5.  9. 10.  0.  0.  0.  0.  0.  0.
  0.  0. 33.  6.  3.  2. 15. 18.  0. 34.  0.  0.  0.  0.  0.  0.  0.  0.
 11.  4. 21. 25. 17. 29. 30. 38.  0.  0.  0.  0.  0.  0. 13.  0. 23. 26.
 28. 31. 19. 35.  0. 39.  0.  0.  0.  0. 14.  0. 24.  0.  0. 27.  0.  0.
 20.  0.  0.  0.  0.  0.  0.  0.  0.  0.  0.  0.  0.  0.  0.  0.  0.  0.
  0.  0.  0.  0.  0.  0.  0.  0.  0.  0.  0.  0.  0.  0.  0.  0.  0.  0.
  0.  0.  0.  0.  0.  0.  0.  0.  0.  0.  0.  0.  0.  0.  0.  0.  0.  0.
  0.  0.  0.  0.  0.  0.  0.  0.  0.]