[ 0.  0.  0.  0.  0.  0.  0.  0.  0.  0.  0.  0.  0.  0.  0.  0.  0.  0.
  0.  0.  0.  0.  0.  0.  0.  0.  0.  0.  0.  0.  0.  0.  0.  0.  0.  0.
  0.  0.  0.  0.  0.  0.  0.  0.  0.  0.  0.  0.  0.  0.  0.  0.  0.  0.
  0.  0.  0.  0.  0.  0.  0.  0.  0.  0.  0.  0.  0.  0.  0.  0.  0.  0.
  0.  0.  0.  0.  0. 34.  0.  0.  0.  0.  0.  0.  0.  0.  0.  0.  0.  0.
 38. 37. 15. 33. 35. 36. 29.  0. 23.  0.  0.  0.  0.  0.  0.  0.  0.  0.
 14. 27. 26. 24. 22.  8. 25.  0.  0.  0.  0.  0.  0.  0.  0. 32. 12. 11.
 16.  7.  0.  0.  0.  0.  0.  0.  0.  0.  0.  0. 28. 19.  6.  1.  3.  0.
  0.  0.  0.  0.  0.  0.  0.  0. 30.  0. 20.  5.  2.  4.  0.  0.  0.  0.
  0.  0.  0.  0. 31. 39. 21.  9. 17. 18. 13.  0.  0.  0.  0.  0.  0.  0.
  0.  0.  0. 10.  0.  0.  0.  0.  0.  0.  0.  0.  0.  0.  0.  0.  0.  0.
  0.  0.  0.  0.  0.  0.  0.  0.  0.  0.  0.  0.  0.  0.  0.  0.  0.  0.
  0.  0.  0.  0.  0.  0.  0.  0.  0.]