[ 0.  0.  0.  0.  0.  0.  0.  0.  0.  0.  0.  0.  0.  0.  0.  0.  0.  0.
  0.  0.  0.  0.  0.  0.  0.  0.  0.  0.  0.  0.  0.  0.  0.  0.  0. 25.
  0.  0.  0.  0.  0.  0.  0.  0.  0.  0.  0.  0.  0.  0. 24.  0.  0.  0.
  0.  0.  0.  0.  0.  0.  0.  0.  0.  0. 11. 16.  0. 36.  0. 38.  0.  0.
  0.  0.  0.  0.  0. 44.  0.  0. 10. 15.  0. 35.  0.  6.  0.  0.  0.  0.
  0.  0.  0. 43.  0. 22.  8. 13. 30.  5. 27. 21. 31. 32.  0.  0.  0. 46.
 45. 41. 23. 37.  4.  3. 12. 19.  0.  0.  0.  0.  0.  0.  0. 52.  0. 39.
  0.  1.  2.  7.  0. 33.  0.  0.  0.  0.  0.  0.  0. 40.  0. 17. 26. 20.
  9. 14.  0. 34.  0.  0.  0.  0.  0. 49. 48. 18. 28. 42. 47.  0.  0.  0.
  0.  0.  0.  0.  0.  0.  0.  0. 29. 50.  0.  0.  0.  0.  0.  0.  0.  0.
  0.  0.  0.  0.  0.  0.  0. 51.  0.  0.  0.  0.  0.  0.  0.  0.  0.  0.
  0.  0.  0.  0.  0.  0.  0.  0.  0.  0.  0.  0.  0.  0.  0.  0.  0.  0.
  0.  0.  0.  0.  0.  0.  0.  0.  0.]