[ 0.  0.  0.  0.  0.  0.  0.  0.  0.  0.  0.  0.  0. 11.  0.  0.  0.  0.
  0.  0.  0.  0.  0.  0.  0.  0.  0. 10.  0.  0.  0.  0.  0.  0.  0.  0.
  0.  0.  0.  0.  7.  6. 23.  0.  0.  0.  0.  0.  0.  0.  0.  0. 24.  0.
  0.  2.  1. 16.  0.  0.  0.  0.  0.  0.  0.  0. 21. 18. 20.  8.  4.  3.
 22.  0.  0.  0.  0.  0.  0.  0.  0. 38.  0.  9. 14. 13.  5.  0.  0.  0.
  0.  0.  0.  0.  0. 47. 35. 25. 26. 15. 19. 12.  0.  0.  0.  0.  0.  0.
  0.  0. 48. 37. 32. 27. 31. 17.  0. 57.  0.  0.  0.  0.  0.  0.  0. 39.
 33. 28. 36. 29.  0. 44.  0.  0.  0.  0.  0.  0.  0. 40.  0. 53. 41. 51.
 34. 30.  0.  0.  0.  0.  0.  0.  0.  0.  0.  0. 50. 49. 45. 56. 42.  0.
  0.  0.  0.  0.  0.  0.  0.  0.  0. 52. 55. 54. 46.  0. 43.  0.  0.  0.
  0.  0.  0.  0.  0.  0.  0. 58.  0.  0.  0.  0.  0.  0.  0.  0.  0.  0.
  0.  0.  0.  0.  0.  0.  0.  0.  0.  0.  0.  0.  0.  0.  0.  0.  0.  0.
  0.  0.  0.  0.  0.  0.  0.  0.  0.]