[ 0.  0.  0.  0.  0.  0.  0.  0.  0.  0.  0.  0.  0.  0.  0.  0.  0.  0.
  0.  0.  0.  0.  0.  0.  0.  0.  0.  0.  0.  0.  0.  0.  0.  0.  0.  0.
  0.  0.  0.  0.  0.  0.  0.  0.  0.  0.  0.  0.  0.  0.  0.  0.  0.  0.
  0.  0.  0.  0.  0.  0.  0.  0.  0.  0.  0.  0.  0.  0.  0.  0.  0.  0.
  0.  0.  0.  0.  0.  0.  0.  0.  0.  8.  0.  0.  0.  0.  0.  0.  0.  0.
  0.  0.  0. 17.  0.  7.  0.  0. 16.  0.  0.  0.  0.  0.  0.  0.  0.  0.
  0.  3.  0.  2. 14. 12. 15.  0.  0.  0.  0.  0.  0.  0.  0.  0.  0.  1.
  4. 11.  0.  0.  0.  0.  0.  0.  0.  0.  0.  0.  0. 13. 10.  5.  0.  0.
  0.  0.  0.  0.  0.  0.  0.  0.  0.  0. 18.  9.  0.  6.  0.  0.  0.  0.
  0.  0.  0.  0.  0.  0.  0.  0.  0.  0.  0.  0.  0.  0.  0.  0.  0.  0.
  0.  0.  0.  0.  0.  0.  0.  0.  0.  0.  0.  0.  0.  0.  0.  0.  0.  0.
  0.  0.  0.  0.  0.  0.  0.  0.  0.  0.  0.  0.  0.  0.  0.  0.  0.  0.
  0.  0.  0.  0.  0.  0.  0.  0.  0.]