[ 0.  0.  0.  0.  0.  0.  0.  0.  0.  0.  0.  0.  0.  0.  0.  0.  0.  0.
  0.  0.  0.  0.  0.  0.  0.  0.  0.  0.  0.  0.  0.  0.  0.  0.  0.  0.
  0.  0.  0.  0.  0.  0.  0.  0.  0.  0.  0.  0.  0.  0. 23.  0.  0.  0.
  0.  0.  0.  0.  0.  0.  0.  0.  0.  0. 20.  0. 22.  0.  0.  0. 15.  0.
  0.  0.  0.  0.  0.  0.  0. 19. 21. 31. 10. 28. 14. 30. 32.  0.  0.  0.
  0.  0.  0.  8.  7.  5.  3.  1.  6.  0. 29.  0.  0.  0.  0.  0.  0.  0.
  0. 17.  9.  2.  4. 26. 24. 27.  0.  0.  0.  0.  0.  0.  0.  0. 11. 16.
 12.  0.  0.  0. 25.  0.  0.  0.  0.  0.  0.  0.  0. 18. 13.  0.  0.  0.
  0.  0.  0.  0.  0.  0.  0.  0.  0.  0.  0.  0.  0.  0.  0.  0.  0.  0.
  0.  0.  0.  0.  0.  0.  0.  0.  0.  0.  0.  0.  0.  0.  0.  0.  0.  0.
  0.  0.  0.  0.  0.  0.  0.  0.  0.  0.  0.  0.  0.  0.  0.  0.  0.  0.
  0.  0.  0.  0.  0.  0.  0.  0.  0.  0.  0.  0.  0.  0.  0.  0.  0.  0.
  0.  0.  0.  0.  0.  0.  0.  0.  0.]