[ 0.  0.  0.  0.  0.  0.  0.  0.  0.  0.  0.  0.  0.  0.  0.  0.  0.  0.
  0.  0.  0. 22.  0.  0.  0.  0.  0.  0.  0.  0.  0.  0.  0.  0. 34. 39.
 21. 10. 26. 16. 48. 49.  0.  0.  0.  0.  0.  0.  0. 33. 18. 17.  9. 15.
 23. 24.  0.  0.  0.  0.  0.  0.  0. 35. 31. 12. 19.  7.  8.  0. 45.  0.
  0.  0.  0.  0.  0. 43. 30. 29. 25. 11.  5.  6. 42.  0.  0.  0.  0.  0.
  0. 44.  0. 54. 27. 38. 20.  1.  2.  0.  0.  0.  0.  0.  0.  0. 41. 40.
 28. 32. 36. 37.  4.  3.  0.  0.  0.  0.  0.  0.  0. 66. 60. 50. 57. 56.
 46.  0.  0. 13.  0.  0.  0.  0.  0.  0. 65. 52. 55. 51. 47. 58. 62.  0.
  0. 14.  0.  0.  0.  0.  0. 53. 61. 69. 70.  0.  0. 59.  0.  0.  0.  0.
  0.  0.  0.  0. 63. 71. 75. 77.  0.  0.  0.  0.  0.  0.  0.  0.  0.  0.
 64. 67.  0. 73.  0.  0.  0.  0.  0.  0.  0.  0.  0.  0.  0. 72. 68. 78.
 76. 74.  0.  0.  0.  0.  0.  0.  0.  0.  0.  0.  0.  0.  0.  0.  0.  0.
  0.  0.  0.  0.  0.  0.  0.  0.  0.]