[ 0.  0.  0.  0.  0.  0.  0.  0.  0.  0.  0.  0.  0.  0.  0.  0.  0.  0.
  0.  0.  0.  0.  0.  0.  0.  0.  0.  0.  0.  0.  0.  0.  0.  0.  0.  0.
  0.  0.  0.  0.  0.  0.  0.  0.  0.  0.  0.  0.  0.  0. 32. 40.  0. 30.
 28.  0.  0.  0.  0.  0.  0.  0.  0.  0.  0.  0. 31. 37. 27. 38.  0.  0.
  0.  0.  0.  0.  0.  0. 14.  0. 18.  0. 25. 29.  6.  0.  0.  0.  0.  0.
  0.  0.  0.  0. 13. 17. 19. 20.  5. 39.  0.  0.  0.  0.  0.  0.  0.  0.
  0.  0. 11. 24.  3. 21. 33. 35. 36.  0.  0.  0.  0.  0.  0.  0. 26. 15.
  1.  2.  4.  0. 34. 41.  0.  0.  0.  0.  0.  0.  0.  0.  7. 10.  9.  0.
  0.  0.  0.  0.  0.  0.  0.  0.  0.  0.  8. 16.  0.  0. 12.  0.  0.  0.
  0.  0.  0.  0.  0.  0.  0. 22.  0.  0.  0.  0.  0.  0.  0.  0.  0.  0.
  0.  0.  0. 23.  0.  0.  0.  0.  0.  0.  0.  0.  0.  0.  0.  0.  0.  0.
  0.  0.  0.  0.  0.  0.  0.  0.  0.  0.  0.  0.  0.  0.  0.  0.  0.  0.
  0.  0.  0.  0.  0.  0.  0.  0.  0.]