[ 0.  0.  0.  0.  0.  0.  0. 39.  0.  0.  0.  0.  0.  0.  0.  0.  0.  0.
  0. 33.  0. 47. 38. 29.  0.  0.  0.  0.  0.  0.  0.  0.  0.  0. 35. 32.
 34. 28. 40. 41.  0.  0.  0.  0.  0.  0.  0.  0.  0.  0.  0. 26. 36.  0.
  0. 45.  0.  0.  0.  0.  0.  0.  0.  0. 49. 18. 42. 30. 48. 50.  0. 46.
  0.  0.  0.  0.  0.  0.  0. 12. 17.  0. 37.  6.  0.  0.  0.  0.  0.  0.
  0.  0.  0. 27.  0.  9.  4.  3. 19. 31. 43. 44.  0.  0.  0.  0.  0.  0.
  0.  0. 15.  1.  2.  0.  0.  0.  0.  0.  0.  0.  0.  0.  0.  0.  0.  5.
 10. 11.  0.  0.  0.  0.  0.  0.  0.  0.  0.  0.  0.  7. 16.  0.  0. 13.
  0.  0.  0.  0.  0.  0.  0. 25. 24.  8. 20. 22. 23.  0.  0. 14.  0.  0.
  0.  0.  0.  0.  0.  0. 21.  0.  0.  0.  0.  0.  0.  0.  0.  0.  0.  0.
  0.  0.  0.  0.  0.  0.  0.  0.  0.  0.  0.  0.  0.  0.  0.  0.  0.  0.
  0.  0.  0.  0.  0.  0.  0.  0.  0.  0.  0.  0.  0.  0.  0.  0.  0.  0.
  0.  0.  0.  0.  0.  0.  0.  0.  0.]