[ 0.  0.  0.  0.  0.  0.  0.  0.  0.  0.  0.  0.  0.  0.  0.  0.  0.  0.
  0.  0.  0.  0.  0.  0.  0.  0.  0.  0.  0.  0.  0.  0.  0.  0.  0.  0.
 29.  0.  0.  0.  0.  0.  0.  0.  0.  0.  0.  0.  0. 25.  0. 28.  0.  0.
  0. 21.  0.  0.  0.  0.  0.  0.  0.  0.  0. 24. 10.  0.  0.  0.  8. 19.
  0.  0.  0.  0.  0.  0.  0.  0.  0. 22.  9.  0.  7. 18.  0.  0.  0.  0.
  0.  0.  0.  0.  0.  0. 26.  6.  3.  4. 20.  0.  0.  0.  0.  0.  0.  0.
  0.  0.  0. 30.  1.  2.  5.  0.  0.  0.  0.  0.  0.  0.  0.  0.  0.  0.
 11. 16. 15. 23. 13.  0.  0.  0.  0.  0.  0.  0.  0.  0. 12. 17.  0.  0.
 27.  0. 14.  0.  0.  0.  0.  0.  0.  0.  0.  0.  0.  0.  0.  0.  0.  0.
  0.  0.  0.  0.  0.  0.  0.  0.  0.  0.  0.  0.  0.  0.  0.  0.  0.  0.
  0.  0.  0.  0.  0.  0.  0.  0.  0.  0.  0.  0.  0.  0.  0.  0.  0.  0.
  0.  0.  0.  0.  0.  0.  0.  0.  0.  0.  0.  0.  0.  0.  0.  0.  0.  0.
  0.  0.  0.  0.  0.  0.  0.  0.  0.]