[ 0.  0.  0.  0.  0.  0.  0.  0.  0.  0.  0.  0.  0.  0.  0.  0.  0.  0.
  0.  0.  0.  0.  0.  0.  0.  0.  0.  0.  0.  0.  0.  0.  0.  0.  0.  0.
  0.  0.  0.  0.  0.  0.  0.  0.  0.  0.  0.  0.  0.  0.  0.  0.  0.  0.
  0.  0.  0.  0.  0.  0.  0.  0.  0.  0.  0.  0.  0.  0.  0.  0.  0.  0.
  0.  0.  0.  0.  0.  0.  0.  0.  0.  0.  0.  0.  0.  0.  0.  0.  0.  0.
  0.  0.  0.  0.  0.  0.  0.  0.  0.  0.  0.  0.  0.  0.  0.  0.  0.  0.
  0.  0.  0.  0.  0.  0.  0.  0.  0.  0.  0.  0.  0.  0.  0.  0.  0.  0.
  0.  0.  0.  0.  0.  0.  0.  0.  0.  0.  7. 15. 17.  0.  0.  0.  0.  0.
  0.  0.  0.  0.  0.  0.  0. 11.  4. 14. 13.  0.  0.  0.  0.  0.  0.  0.
  0.  0.  0.  0.  0.  3.  2. 10.  0.  0.  0.  0.  0.  0.  0.  0.  0.  0.
  0.  0.  1.  5.  6. 16.  0.  0.  0.  0.  0.  0.  0.  0.  0.  0.  0. 21.
 20. 12.  8. 18. 22.  0.  0.  0.  0.  0.  0.  0.  0.  0.  0.  0.  0.  0.
  9. 19.  0.  0.  0.  0.  0.  0.  0.]