[ 0.  0.  0.  0.  0.  0.  0.  0.  0.  0.  0.  0.  0.  0.  0.  0.  0.  0.
  0.  0.  0.  0.  0.  0.  0.  0.  0.  0.  0.  0.  0.  0.  0.  0.  0.  0.
  0.  0.  0.  0.  0.  0.  0.  0.  0.  0.  0.  0.  0.  0.  0.  0.  0.  0.
  0.  0.  0.  0.  0.  0.  0.  0.  0.  0.  0. 40.  0.  0.  0.  0.  0.  0.
  0.  0.  0.  0.  0. 36. 38. 39.  0.  0.  0.  0.  0.  0.  0.  0.  0.  0.
 45. 20. 35. 37. 27. 30.  0.  0.  0.  0.  0.  0.  0.  0.  0. 44. 43. 19.
 21. 13. 22. 16.  8. 28. 29.  0.  0.  0.  0.  0.  0. 41. 33. 17.  2.  4.
  5.  0.  0.  0.  0.  0.  0.  0.  0. 42. 26. 25. 23.  3.  1.  6.  0.  0.
  0.  0.  0.  0.  0.  0.  0. 31. 34. 24.  7. 11.  0. 12.  0.  0.  0.  0.
  0.  0.  0. 32.  0.  0.  9.  0.  0. 18.  0. 14.  0.  0.  0.  0.  0.  0.
  0.  0. 10.  0.  0.  0.  0.  0.  0. 15.  0.  0.  0.  0.  0.  0.  0.  0.
  0.  0.  0.  0.  0.  0.  0.  0.  0.  0.  0.  0.  0.  0.  0.  0.  0.  0.
  0.  0.  0.  0.  0.  0.  0.  0.  0.]