[ 0.  0.  0.  0.  0.  0.  0.  0.  0.  0.  0.  0.  0.  0.  0.  0.  0.  0.
  0.  0.  0.  0.  0.  0.  0.  0.  0.  0.  0.  0.  0.  0.  0.  0.  0.  0.
  0.  0.  0.  0.  0.  0.  0.  0.  0.  0.  0.  0.  0.  0.  0.  0.  0.  0.
  0.  0.  0.  0.  0.  0.  0.  0.  0.  0.  0.  0.  0.  0.  0.  0.  0.  0.
  0.  0.  0.  0.  0.  0.  0.  0. 44.  0.  0.  0. 26. 14.  0.  0.  0.  0.
  0. 66. 24. 48.  7.  0.  0. 30.  0. 13.  0.  0.  0.  0.  0. 70. 65. 69.
 23.  0.  6. 33.  3. 11. 19. 20.  0.  0.  0.  0. 64. 63. 43. 35. 21. 16.
  4.  5. 10. 25.  0.  0.  0.  0.  0.  0. 45.  0. 47. 18. 17.  1.  2. 42.
 27. 29. 60.  0.  0.  0. 46. 67.  0. 49. 51. 12. 15. 38.  8. 28. 59. 31.
  0.  0.  0.  0. 68.  0. 50. 53. 52. 34. 22.  0.  9. 61.  0. 32.  0.  0.
  0.  0.  0.  0. 55. 40. 54. 36. 57.  0. 62.  0.  0.  0.  0.  0.  0.  0.
  0. 41. 72. 71. 39. 37.  0.  0.  0.  0.  0.  0.  0.  0.  0.  0. 56.  0.
 58.  0.  0.  0.  0.  0.  0.  0.  0.]