[ 0.  0.  0.  0.  0.  0.  0.  0.  0.  0.  0.  0.  0.  0.  0.  0.  0.  0.
  0.  0.  0.  0.  0.  0.  0.  0.  0.  0.  0.  0.  0.  0.  0.  0.  0.  0.
  0.  0. 34.  0.  0.  0.  0.  0.  0.  0.  0.  0.  0.  0.  0.  0. 33.  0.
  0.  0.  0.  0.  0.  0.  0.  0.  0.  0.  0. 20.  7.  0.  0. 12.  0.  0.
  0.  0.  0.  0.  0.  0. 35. 22. 19.  0.  4.  5.  0.  0.  0.  0.  0.  0.
  0.  0.  0.  0. 31. 17. 10.  1.  2.  0.  0.  0.  0.  0.  0.  0.  0.  0.
 32.  0. 15. 11.  3. 16.  6.  0.  0.  0.  0.  0.  0.  0.  0.  0. 28. 13.
 27. 21. 29. 30.  8.  0.  0.  0.  0.  0.  0.  0.  0. 14. 18.  0. 25. 23.
  0.  0.  9.  0.  0.  0.  0.  0.  0.  0.  0.  0.  0. 26.  0. 24.  0.  0.
  0.  0.  0.  0.  0.  0.  0.  0.  0.  0.  0.  0.  0.  0.  0.  0.  0.  0.
  0.  0.  0.  0.  0.  0.  0.  0.  0.  0.  0.  0.  0.  0.  0.  0.  0.  0.
  0.  0.  0.  0.  0.  0.  0.  0.  0.  0.  0.  0.  0.  0.  0.  0.  0.  0.
  0.  0.  0.  0.  0.  0.  0.  0.  0.]