[ 0.  0.  0.  0.  0.  0.  0.  0.  0.  0.  0.  0.  0.  0.  0.  0.  0.  0.
  0.  0.  0.  0.  0.  0.  0.  0.  0.  0.  0.  0.  0.  0.  0.  0.  0.  0.
  0.  0.  0.  0.  0.  0.  0.  0.  0.  0.  0.  0.  0.  0.  0.  0.  0.  0.
  0.  0.  0.  0.  0.  0.  0.  0.  0.  0.  0.  0. 45.  0.  0.  0.  0.  0.
  0.  0.  0.  0.  0.  0.  0.  0.  0. 31. 24.  0.  0.  0.  0.  0.  0.  0.
  0.  0.  0. 21.  0. 30.  0. 23. 14.  0.  0.  0.  0.  0.  0.  0.  0.  0.
  6. 20. 25.  0. 13.  0. 42.  0.  0.  0.  0.  0.  0.  0.  0. 22.  5. 10.
 11.  9. 41. 43. 44.  0.  0.  0.  0.  0.  0. 32. 26.  0.  1.  4. 17.  0.
  0.  0. 46.  0.  0.  0. 36. 33. 35. 27.  7.  2.  3. 18.  0.  0.  0.  0.
  0.  0.  0. 39. 38. 34. 12.  8. 37.  0. 15. 19.  0.  0.  0.  0.  0.  0.
  0.  0.  0. 28. 40.  0.  0.  0. 16.  0.  0.  0.  0.  0.  0.  0.  0. 29.
  0.  0.  0.  0.  0.  0.  0.  0.  0.  0.  0.  0.  0.  0.  0.  0.  0.  0.
  0.  0.  0.  0.  0.  0.  0.  0.  0.]