[ 0.  0.  0.  0.  0.  0.  0.  0.  0.  0.  0.  0.  0.  0.  0.  0.  0.  0.
  0.  0.  0.  0.  0.  0.  0.  0.  0.  0.  0.  0.  0.  0.  0.  0.  0.  0.
  0.  0.  0.  0.  0.  0.  0.  0.  0.  0.  0.  0.  0.  0. 11.  0.  0.  0.
 22.  0.  0.  0.  0.  0.  0.  0.  0.  0.  0.  0. 10.  0.  0.  6. 19.  0.
  0.  0.  0.  0.  0.  0.  0.  0.  0.  0.  4.  3. 18.  0.  0.  0.  0.  0.
  0.  0.  0.  0.  0.  0.  9.  1.  2. 20.  0.  0.  0.  0.  0.  0.  0.  0.
  0.  0. 15.  5. 16.  0. 12.  0.  0.  0.  0.  0.  0.  0.  0.  0.  0.  7.
 14.  0.  0. 21. 13.  0.  0.  0.  0.  0.  0.  0.  0.  8. 17.  0.  0.  0.
  0.  0.  0.  0.  0.  0.  0.  0.  0.  0.  0.  0.  0.  0.  0.  0.  0.  0.
  0.  0.  0.  0.  0.  0.  0.  0.  0.  0.  0.  0.  0.  0.  0.  0.  0.  0.
  0.  0.  0.  0.  0.  0.  0.  0.  0.  0.  0.  0.  0.  0.  0.  0.  0.  0.
  0.  0.  0.  0.  0.  0.  0.  0.  0.  0.  0.  0.  0.  0.  0.  0.  0.  0.
  0.  0.  0.  0.  0.  0.  0.  0.  0.]