[ 0.  0.  0.  0.  0.  0.  0.  0.  0.  0.  0.  0.  0.  0.  0.  0.  0.  0.
  0.  0.  0.  0.  0.  0.  0.  0.  0.  0.  0.  0.  0.  0.  0.  0.  0.  0.
  0.  0.  0.  0.  0. 12.  0.  0.  0.  0.  0.  0.  0.  0.  0.  0.  0. 43.
  0. 11.  0.  0.  0.  0.  0.  0.  0.  0.  0.  0.  0. 14.  0.  9.  0. 18.
  0.  0.  0.  0.  0.  0.  0.  0. 34. 22.  0.  5.  6. 17.  0. 38.  0.  0.
  0.  0.  0.  0.  0.  0. 33.  7.  4.  3.  8. 37.  0.  0.  0.  0.  0.  0.
  0.  0.  0. 10. 29.  1.  2. 13.  0. 41.  0.  0.  0.  0.  0.  0.  0. 28.
 27. 19. 25. 21. 26. 15.  0. 42.  0.  0.  0.  0.  0.  0.  0. 20. 30. 35.
 31. 23.  0. 16.  0.  0.  0.  0.  0.  0.  0.  0.  0. 36. 39.  0. 32. 24.
  0.  0.  0.  0.  0.  0.  0.  0.  0.  0.  0. 40.  0.  0.  0.  0.  0.  0.
  0.  0.  0.  0.  0.  0.  0.  0.  0.  0.  0.  0.  0.  0.  0.  0.  0.  0.
  0.  0.  0.  0.  0.  0.  0.  0.  0.  0.  0.  0.  0.  0.  0.  0.  0.  0.
  0.  0.  0.  0.  0.  0.  0.  0.  0.]