[ 0.  0.  0.  0.  0.  0.  0.  0.  0.  0.  0.  0.  0.  0.  0.  0.  0.  0.
  0.  0.  0.  0. 40.  0. 46.  0.  0.  0.  0.  0.  0.  0.  0.  0.  0.  0.
 39. 52.  0. 45.  0.  0.  0.  0.  0.  0.  0.  0.  0.  0. 35.  0. 50.  0.
 13.  0.  0.  0.  0.  0.  0.  0.  0.  6. 33. 32. 28. 16. 12. 31.  0.  0.
  0.  0.  0.  0.  0. 30. 21.  5. 29. 15. 10. 47. 43.  0.  0.  0.  0.  0.
  0.  0. 38.  0. 14.  3.  4. 48. 34. 44. 49.  0.  0.  0.  0.  0.  0. 41.
  0.  9.  2.  1. 51.  0. 36.  0.  0.  0.  0.  0.  0.  0. 42. 17. 11. 19.
 20.  7.  0.  0. 37.  0.  0.  0.  0.  0.  0. 18.  0.  0. 25. 24. 22.  8.
 26. 27.  0.  0.  0.  0.  0.  0.  0.  0.  0.  0.  0.  0. 23.  0.  0.  0.
  0.  0.  0.  0.  0.  0.  0.  0.  0.  0.  0.  0.  0.  0.  0.  0.  0.  0.
  0.  0.  0.  0.  0.  0.  0.  0.  0.  0.  0.  0.  0.  0.  0.  0.  0.  0.
  0.  0.  0.  0.  0.  0.  0.  0.  0.  0.  0.  0.  0.  0.  0.  0.  0.  0.
  0.  0.  0.  0.  0.  0.  0.  0.  0.]