[  0.   0.   0.   0.   0.   0.   0.   0.   0.   0.  54.   0.   0.  70.
   0.   0.   0.   0.   0.   0.   0.   0.   0.   0.  64.  53.   0.  69.
   0.   0.   0.   0.   0.   0.   0.   0.   0.  48.  33.  25.  47.  49.
  50.   0.   0.   0.   0.   0.   0.   0.   0.  21.   0.  24.   0.  51.
  61.  67.  68.   0.   0.   0.   0.  31.   0.  35.  34.  20.  32.  55.
  13.  60.  63.   0.   0.   0.   0.   0.   0.  30.   0.   8.  17.  16.
  12.  52.  56.  57.  65.   0.   0.   0. 102.   0.   0.  22.  27.   5.
   4.   2.  11.  58.   0.   0.  66.   0.   0.   0. 101.  23.   0.  26.
   6.   3.   1.  18.  62.  44.  76.  77.   0.   0.   0.   0.  87.   0.
  14.  28.  38.   7.  37.  19.  39.  40.   0.   0.   0.   0.   0.   0.
  15.   0.   0.  29.  36.   9.  80.  85.  78.  59.   0.   0.   0.   0.
   0.  97.  99. 103. 104.  41.  42.  10.  75.  79.   0.   0.   0.   0.
   0.   0.  98. 105. 100.  45.  72.  71.  43.  81.  83.  84.   0.   0.
   0.   0.   0.  93.  92.  46.  88.  90.  91.  73.  86.   0.   0.   0.
   0.   0.   0.   0.   0.   0.  89.   0.  95.  82.  94.  74.   0.   0.
   0.   0.   0.   0.   0.   0.   0.   0.  96.   0.   0.   0.   0.   0.
   0.]