[ 0.  0.  0.  0.  0.  0.  0.  0. 21.  0.  0.  0.  0.  8.  0.  0.  0.  0.
  0.  0.  0.  0.  0. 12. 20.  0.  0.  7.  0.  0.  0.  0.  0.  0.  0.  0.
  0.  0.  0.  9.  2.  1.  0.  0.  0.  0.  0.  0.  0.  0.  0.  0.  0.  0.
 10.  3.  4. 19.  0.  0.  0.  0.  0.  0.  0.  0.  0. 18. 17.  5. 15. 11.
 16.  0.  0.  0.  0.  0.  0.  0.  0.  0.  0.  6.  0.  0.  0. 13. 22.  0.
  0.  0.  0.  0.  0.  0.  0.  0.  0.  0.  0.  0.  0. 14.  0.  0.  0.  0.
  0.  0.  0.  0.  0.  0.  0.  0.  0.  0.  0.  0.  0.  0.  0.  0.  0.  0.
  0.  0.  0.  0.  0.  0.  0.  0.  0.  0.  0.  0.  0.  0.  0.  0.  0.  0.
  0.  0.  0.  0.  0.  0.  0.  0.  0.  0.  0.  0.  0.  0.  0.  0.  0.  0.
  0.  0.  0.  0.  0.  0.  0.  0.  0.  0.  0.  0.  0.  0.  0.  0.  0.  0.
  0.  0.  0.  0.  0.  0.  0.  0.  0.  0.  0.  0.  0.  0.  0.  0.  0.  0.
  0.  0.  0.  0.  0.  0.  0.  0.  0.  0.  0.  0.  0.  0.  0.  0.  0.  0.
  0.  0.  0.  0.  0.  0.  0.  0.  0.]