[ 0.  0.  0.  0.  0.  0. 33. 35. 38. 37. 29.  0.  0.  0.  0.  0.  0.  0.
  0.  0.  0. 19. 32. 36. 28.  0.  0.  0.  0.  0.  0.  0. 44.  0.  0.  9.
 18. 34. 26.  0.  0.  0.  0.  0.  0.  0.  0.  0. 43. 39.  0.  8. 24. 25.
 20.  0.  0.  0.  0.  0.  0.  0.  0. 40. 41. 49. 12.  4. 15. 23. 30.  0.
  0.  0.  0.  0.  0.  0.  0.  0. 27. 16.  3.  2. 10.  0. 31.  0.  0.  0.
  0.  0.  0.  0. 46. 45. 17.  1.  5.  6.  0.  0.  0.  0.  0.  0.  0.  0.
  0.  0. 21.  0. 42.  0. 11.  7.  0.  0.  0.  0.  0.  0.  0.  0. 22. 47.
  0.  0.  0.  0. 13.  0.  0.  0.  0.  0.  0.  0.  0.  0. 48.  0.  0.  0.
  0.  0. 14.  0.  0.  0.  0.  0.  0.  0.  0.  0.  0.  0.  0.  0.  0.  0.
  0.  0.  0.  0.  0.  0.  0.  0.  0.  0.  0.  0.  0.  0.  0.  0.  0.  0.
  0.  0.  0.  0.  0.  0.  0.  0.  0.  0.  0.  0.  0.  0.  0.  0.  0.  0.
  0.  0.  0.  0.  0.  0.  0.  0.  0.  0.  0.  0.  0.  0.  0.  0.  0.  0.
  0.  0.  0.  0.  0.  0.  0.  0.  0.]