[ 0.  0.  0.  0.  0.  0.  0.  0.  0.  0.  0.  0.  0.  0.  0.  0.  0.  0.
  0.  0.  0.  0.  0.  0.  0.  0.  0.  0.  0.  0.  0.  0.  0.  0.  0.  0.
  0.  0.  0.  0.  0.  0.  0.  0.  0.  0.  0.  0.  0.  0.  0.  0.  0.  0.
  0.  0.  0.  0.  0.  0.  0.  0.  0.  0. 21.  8.  0.  0.  0. 12.  0.  0.
  0.  0.  0.  0.  0.  0.  0.  0. 16.  7. 15. 11. 17. 18.  0.  0.  0.  0.
  0.  0.  0.  0.  0.  0.  6.  3.  4.  0.  0.  0.  0.  0.  0.  0.  0.  0.
  0.  0.  0.  1.  2.  5.  0.  0.  0.  0.  0.  0.  0.  0.  0.  0.  0. 13.
  0. 19. 20.  9.  0.  0.  0.  0.  0.  0.  0.  0.  0. 14.  0.  0.  0.  0.
 22. 10.  0.  0.  0.  0.  0.  0.  0.  0.  0.  0.  0.  0.  0.  0.  0.  0.
  0.  0.  0.  0.  0.  0.  0.  0.  0.  0.  0.  0.  0.  0.  0.  0.  0.  0.
  0.  0.  0.  0.  0.  0.  0.  0.  0.  0.  0.  0.  0.  0.  0.  0.  0.  0.
  0.  0.  0.  0.  0.  0.  0.  0.  0.  0.  0.  0.  0.  0.  0.  0.  0.  0.
  0.  0.  0.  0.  0.  0.  0.  0.  0.]