[ 0.  0.  0.  0.  0.  0.  0.  0.  0.  0.  0.  0.  0.  0.  0.  0.  0.  0.
  0.  0.  0.  0.  0.  0.  0.  0.  0.  0.  0.  0.  0.  0.  0.  0.  0.  0.
  0.  0.  0.  0.  0.  0.  0.  0.  0.  0.  0.  0.  0.  0.  0.  0.  0.  0.
  0.  0.  0.  0.  0.  0.  0.  0.  0.  0.  0.  0.  0.  0.  0.  0.  0.  0.
  0.  0.  0.  0.  0.  0.  0.  0.  0.  0.  0.  0.  0.  0.  0.  0.  0.  0.
  0.  0.  0.  0.  0.  0.  0.  0.  0.  0.  0.  0.  0.  0.  0.  0.  0.  0.
  0.  0.  0.  0.  0.  0.  0.  0. 28.  0.  0.  0.  0.  0.  0.  0.  0.  0.
 15.  0.  0.  0.  0. 27.  0. 10.  0.  0.  0.  0.  0.  0.  0.  0. 14.  0.
 33.  0. 19.  9.  0.  0.  0.  0.  0.  0.  0.  0.  0. 31. 12.  0. 18.  7.
 29.  0.  0.  0.  0.  0.  0.  0.  0.  0. 26. 17.  4.  3.  1. 11.  0.  0.
  0.  0.  0.  0.  0.  0. 32. 30. 16.  5.  2.  6.  0.  0.  0.  0.  0.  0.
  0. 25. 24. 22. 20.  8. 23.  0. 13.  0.  0.  0.  0.  0.  0.  0. 34.  0.
 21.  0.  0.  0.  0.  0.  0.  0.  0.]