[ 0.  0.  0.  0.  0.  0.  0.  0.  0.  0.  0.  0.  0.  0.  0.  0.  0.  0.
  0.  0.  0.  0.  0.  0.  0.  0.  0.  0.  0.  0.  0.  0.  0.  0.  0.  0.
  0.  0.  0.  0.  0.  0.  0.  0.  0.  0.  0.  0.  0.  0.  0.  0.  0.  0.
  0.  0.  0.  0.  0.  0.  0.  0.  0.  0.  0.  0.  0. 39.  0. 19.  0.  0.
  0.  0.  0.  0.  0.  0.  0.  0.  6. 21. 20. 18. 10. 22. 23.  0.  0.  0.
  0.  0.  0.  0.  0.  0.  3.  4.  7. 38. 25.  0.  0. 45.  0.  0.  0.  0.
  0.  0.  0.  2.  1.  8. 26. 24. 46. 44.  0.  0.  0.  0.  0.  0.  0. 14.
  9. 13.  5. 15. 16. 40.  0.  0.  0.  0.  0.  0. 28. 17. 11. 27. 29. 30.
 33. 36.  0. 41.  0.  0.  0.  0.  0.  0. 12. 35.  0. 31.  0. 42. 34.  0.
  0.  0.  0.  0.  0.  0.  0.  0.  0.  0. 32. 43.  0. 37.  0.  0.  0.  0.
  0.  0.  0.  0.  0.  0.  0.  0.  0.  0.  0.  0.  0.  0.  0.  0.  0.  0.
  0.  0.  0.  0.  0.  0.  0.  0.  0.  0.  0.  0.  0.  0.  0.  0.  0.  0.
  0.  0.  0.  0.  0.  0.  0.  0.  0.]