[ 0. 17.  0.  0.  0.  0.  0.  0.  0.  0.  0.  0.  0.  0.  0.  0. 10. 16.
  0.  7.  0.  0. 22.  0.  0.  0.  0.  0.  0.  0.  0.  0.  1.  2.  0.  0.
 21.  0.  0.  0.  0.  0.  0.  0.  0.  0.  0.  4.  3.  8. 13.  0.  0.  0.
  0.  0.  0.  0.  0.  0.  0.  6.  5. 18.  9. 14.  0.  0.  0.  0.  0.  0.
  0.  0.  0.  0.  0. 24. 19. 23. 11. 15. 25.  0.  0.  0.  0.  0.  0.  0.
  0.  0. 20.  0.  0.  0. 12.  0.  0.  0.  0.  0.  0.  0.  0.  0.  0.  0.
  0.  0.  0.  0.  0.  0.  0.  0.  0.  0.  0.  0.  0.  0.  0.  0.  0.  0.
  0.  0.  0.  0.  0.  0.  0.  0.  0.  0.  0.  0.  0.  0.  0.  0.  0.  0.
  0.  0.  0.  0.  0.  0.  0.  0.  0.  0.  0.  0.  0.  0.  0.  0.  0.  0.
  0.  0.  0.  0.  0.  0.  0.  0.  0.  0.  0.  0.  0.  0.  0.  0.  0.  0.
  0.  0.  0.  0.  0.  0.  0.  0.  0.  0.  0.  0.  0.  0.  0.  0.  0.  0.
  0.  0.  0.  0.  0.  0.  0.  0.  0.  0.  0.  0.  0.  0.  0.  0.  0.  0.
  0.  0.  0.  0.  0.  0.  0.  0.  0.]