[ 0.  0.  0.  0.  0.  0.  0.  0.  0.  0.  0.  0.  0.  0.  0.  0.  0.  0.
  0.  0.  0.  0.  0.  0.  0.  0.  0.  0.  0.  0.  0.  0.  0.  0.  0.  0.
  0.  0.  0.  0.  0.  0.  0.  0.  0.  0.  0.  0.  0.  0.  0.  0.  0.  0.
  0.  0.  0.  0.  0.  0.  0.  0.  0.  0.  0. 28. 20.  6. 26. 16. 27.  0.
  0.  0.  0.  0.  0.  0.  0.  0. 12. 11.  5.  9. 13. 14.  0.  0.  0.  0.
  0.  0.  0.  0.  0.  0. 19.  3.  4.  0.  0.  0.  0.  0.  0.  0.  0.  0.
  0.  0.  0. 15.  1.  2.  0.  0.  0.  0.  0.  0.  0.  0.  0. 24. 23. 17.
 21.  7. 10.  0.  0.  0.  0.  0.  0.  0.  0.  0.  0. 18. 25. 22.  8.  0.
  0.  0.  0.  0.  0.  0.  0.  0.  0.  0.  0.  0.  0.  0.  0.  0.  0.  0.
  0.  0.  0.  0.  0.  0.  0.  0.  0.  0.  0.  0.  0.  0.  0.  0.  0.  0.
  0.  0.  0.  0.  0.  0.  0.  0.  0.  0.  0.  0.  0.  0.  0.  0.  0.  0.
  0.  0.  0.  0.  0.  0.  0.  0.  0.  0.  0.  0.  0.  0.  0.  0.  0.  0.
  0.  0.  0.  0.  0.  0.  0.  0.  0.]