[ 0.  0.  0.  0.  0.  0.  0.  0.  0.  0.  0.  0.  0.  0.  0.  0.  0.  0.
  0.  0.  0.  0.  0.  0.  0.  0.  0.  0.  0.  0.  0.  0.  0.  0.  0.  0.
  0.  0.  0.  0.  0.  0.  0.  0.  0.  0.  0.  0.  0.  0. 18.  0.  0.  0.
  0.  0.  0.  0.  0.  0.  0.  0.  0.  0. 29.  0. 17.  0.  0.  0.  0.  0.
  0.  0.  0.  0.  0.  0.  0. 26. 25. 13. 15. 23. 24.  7.  0.  0.  0.  0.
  0.  0.  0.  0.  0.  0. 27. 12. 11.  6. 20.  0.  0.  0.  0.  0.  0.  0.
  0.  0.  0. 14.  1.  2.  5.  0.  0.  0.  0.  0.  0.  0.  0.  0.  0.  0.
  0.  4.  3. 10. 16.  0.  0.  0.  0.  0.  0.  0.  0.  0.  0.  8. 19.  0.
 28.  0.  0.  0.  0.  0.  0.  0.  0.  0.  0.  9. 21.  0.  0.  0.  0.  0.
  0.  0.  0.  0.  0.  0.  0.  0. 22.  0.  0.  0.  0.  0.  0.  0.  0.  0.
  0.  0.  0.  0.  0.  0.  0.  0.  0.  0.  0.  0.  0.  0.  0.  0.  0.  0.
  0.  0.  0.  0.  0.  0.  0.  0.  0.  0.  0.  0.  0.  0.  0.  0.  0.  0.
  0.  0.  0.  0.  0.  0.  0.  0.  0.]