[ 0.  0.  0.  0.  0.  0.  0.  0.  0.  0.  0.  0.  0.  0.  0.  0.  0.  0.
  0.  0.  0.  0.  0.  0.  0.  0.  0.  0.  0.  0.  0.  0.  0.  0.  0.  0.
  0.  0.  0.  0.  0.  0.  0.  0.  0.  0.  0.  0. 51.  0. 54.  0.  0.  0.
  0.  0.  0.  0.  0.  0.  0.  0.  0.  0. 50.  0.  0.  0.  0.  0.  0.  0.
  0.  0.  0.  0.  0.  0. 34.  0.  6.  0.  0.  8.  0.  0.  0.  0.  0.  0.
  0.  0. 30. 33. 12.  0.  2.  1.  0.  0.  0.  0.  0.  0.  0. 49. 52. 35.
 29. 24. 11.  3.  4. 39.  0.  0.  0.  0.  0.  0. 53. 48. 32. 31. 27.  7.
  9. 10.  5.  0.  0.  0.  0.  0.  0.  0.  0. 20. 19. 13. 15. 17. 18. 38.
  0.  0.  0.  0.  0.  0.  0. 41. 36. 14. 40. 16. 21. 23. 37.  0.  0.  0.
  0.  0.  0.  0.  0. 42. 47. 44. 46. 22. 28. 25.  0.  0.  0.  0.  0.  0.
  0.  0. 43.  0.  0. 45.  0.  0.  0. 26.  0.  0.  0.  0.  0.  0.  0.  0.
  0.  0.  0.  0.  0.  0.  0.  0.  0.  0.  0.  0.  0.  0.  0.  0.  0.  0.
  0.  0.  0.  0.  0.  0.  0.  0.  0.]