[ 0.  0.  0.  0. 24.  0.  0.  0. 48.  0.  0.  0.  0.  0.  0.  0.  0.  0.
  0.  0. 23. 20. 47. 42.  0.  0.  0.  0.  0.  0.  0. 52.  0.  0.  0. 34.
 19. 41. 26.  0.  0.  0.  0.  0.  0.  0.  0. 51.  0. 32. 31. 17. 21. 29.
 30. 14.  0.  0.  0.  0.  0. 65. 50. 49. 45. 33.  9. 16. 15.  5. 53. 59.
 60.  0.  0.  0.  0. 64. 46. 37. 25.  7.  4.  3. 22. 43.  0.  0.  0.  0.
  0.  0. 69. 40. 27. 35. 18.  1.  2. 56. 57. 44.  0.  0.  0.  0.  0. 39.
 28. 38. 36.  6. 13. 12.  8. 58.  0.  0.  0.  0.  0.  0.  0. 54. 66. 62.
 67. 61.  0.  0. 10.  0.  0.  0.  0.  0.  0.  0. 55. 72. 68. 63. 73. 75.
  0.  0. 11.  0.  0.  0.  0.  0.  0. 79. 78. 76. 70. 74. 80.  0.  0.  0.
  0.  0.  0.  0.  0.  0.  0.  0. 77.  0. 71.  0.  0.  0.  0.  0.  0.  0.
  0.  0.  0.  0.  0.  0.  0.  0.  0.  0.  0.  0.  0.  0.  0.  0.  0.  0.
  0.  0.  0.  0.  0.  0.  0.  0.  0.  0.  0.  0.  0.  0.  0.  0.  0.  0.
  0.  0.  0.  0.  0.  0.  0.  0.  0.]