[ 0.  0.  0.  0.  0.  0.  0.  0.  0.  0.  0.  0.  0.  0.  0.  0.  0.  0.
  0.  0.  0.  0.  0.  0.  0.  0.  0.  0.  0.  0.  0.  0.  0.  0.  0.  0.
  0.  0.  0.  0.  0.  0.  0.  0.  0.  0.  0.  0.  0.  0.  0.  0.  0.  0.
  0.  0.  0.  0.  0.  0.  0.  0.  0.  0.  0.  0.  0.  0. 33.  0.  0.  0.
  0.  0.  0.  0.  0.  0.  0.  0.  0.  0.  6.  0.  0.  0.  0.  0.  0.  0.
  0.  0.  0.  0.  0.  0. 14.  1.  2.  0.  0.  0. 20.  0.  0.  0.  0.  0.
  0.  0. 26.  0.  3.  4. 10.  0. 19.  0.  0.  0.  0.  0.  0.  0. 32. 31.
 25.  5.  9. 12. 11.  0.  0.  0.  0.  0.  0.  0. 34.  0. 24. 23.  7. 21.
 13. 22.  0.  0.  0.  0.  0.  0.  0.  0.  0.  0.  0.  8. 17.  0. 15.  0.
  0.  0.  0.  0.  0.  0.  0.  0.  0.  0. 18. 29. 27.  0. 16.  0.  0.  0.
  0.  0.  0.  0.  0.  0.  0.  0. 30.  0. 28.  0.  0.  0.  0.  0.  0.  0.
  0.  0.  0.  0.  0.  0.  0.  0.  0.  0.  0.  0.  0.  0.  0.  0.  0.  0.
  0.  0.  0.  0.  0.  0.  0.  0.  0.]