[ 0.  0.  0.  0.  0.  0. 34.  0.  0.  0.  0.  0.  0.  0.  0.  0.  0.  0.
  0.  0. 33.  0.  0.  0.  0.  0.  0.  0.  0.  0.  0.  0.  0.  0. 19. 30.
  0.  0.  0.  0.  0.  0.  0.  0.  0.  0.  0.  0. 15. 18. 32. 25.  0.  0.
  0.  0.  0.  0.  0.  0.  0.  0. 29. 28. 14. 26. 22. 27.  0.  0.  0.  0.
  0.  0.  0.  0. 35. 31.  0. 10. 12. 20. 21.  8.  0.  0.  0.  0.  0.  0.
  0.  0.  0.  0. 16.  9.  2.  3.  0.  0.  0.  0.  0.  0.  0.  0.  0. 24.
 23. 17. 11.  1.  4.  0.  0.  0.  0.  0.  0.  0.  0.  0.  0.  0.  0.  7.
  6.  5. 13.  0.  0.  0.  0.  0.  0.  0.  0.  0.  0.  0.  0.  0.  0.  0.
  0.  0.  0.  0.  0.  0.  0.  0.  0.  0.  0.  0.  0.  0.  0.  0.  0.  0.
  0.  0.  0.  0.  0.  0.  0.  0.  0.  0.  0.  0.  0.  0.  0.  0.  0.  0.
  0.  0.  0.  0.  0.  0.  0.  0.  0.  0.  0.  0.  0.  0.  0.  0.  0.  0.
  0.  0.  0.  0.  0.  0.  0.  0.  0.  0.  0.  0.  0.  0.  0.  0.  0.  0.
  0.  0.  0.  0.  0.  0.  0.  0.  0.]