[ 0.  0.  0.  0.  0.  0.  0.  0.  0.  0.  0.  0.  0.  0.  0.  0.  0.  0.
  0.  0.  0.  0.  0.  0.  0.  0.  0.  0.  0.  0.  0.  0.  0.  0.  0.  0.
  0.  0.  0.  0. 15.  0.  0.  0.  0.  0.  0.  0.  0. 10.  0.  0.  0.  0.
 14. 22. 23.  0.  0.  0.  0.  0.  0.  0.  0.  9.  0.  0. 12.  0. 21.  0.
  0.  0.  0.  0.  0.  0.  0.  0.  0.  3.  4.  6. 19.  0.  0.  0.  0.  0.
  0.  0.  0.  0.  0. 11.  2.  1.  5. 16.  0.  0.  0.  0.  0.  0.  0.  0.
  0.  0. 13. 18. 17.  7.  0.  0.  0.  0.  0.  0.  0.  0.  0.  0.  0.  0.
 20.  0.  0.  8.  0.  0.  0.  0.  0.  0.  0.  0.  0.  0.  0.  0.  0.  0.
  0.  0.  0.  0.  0.  0.  0.  0.  0.  0.  0.  0.  0.  0.  0.  0.  0.  0.
  0.  0.  0.  0.  0.  0.  0.  0.  0.  0.  0.  0.  0.  0.  0.  0.  0.  0.
  0.  0.  0.  0.  0.  0.  0.  0.  0.  0.  0.  0.  0.  0.  0.  0.  0.  0.
  0.  0.  0.  0.  0.  0.  0.  0.  0.  0.  0.  0.  0.  0.  0.  0.  0.  0.
  0.  0.  0.  0.  0.  0.  0.  0.  0.]