[ 0.  0.  0.  0.  0.  0.  0.  0.  0.  0.  0.  0.  0.  0.  0.  0.  0.  0.
  0.  0.  0.  0.  0. 24.  0.  0.  0.  0.  0.  0.  0.  0.  0.  0.  0.  0.
 26. 23.  0.  0.  0.  0.  0.  0.  0.  0.  0.  0.  0. 16.  0. 21.  0.  0.
  8.  0.  0.  0.  0.  0.  0.  0.  0.  0.  0. 15. 25.  6.  5.  0.  0.  0.
  0.  0.  0.  0.  0.  0. 20. 19. 17. 13.  3.  4.  0.  0.  0.  0.  0.  0.
  0.  0.  0. 22.  0. 18.  7.  1.  2.  0.  0.  0.  0.  0.  0.  0.  0.  0.
  0.  0.  9. 27. 12. 11.  0.  0.  0.  0.  0.  0.  0.  0.  0.  0. 10.  0.
  0.  0.  0. 14.  0.  0.  0.  0.  0.  0.  0.  0.  0.  0.  0.  0.  0.  0.
  0.  0.  0.  0.  0.  0.  0.  0.  0.  0.  0.  0.  0.  0.  0.  0.  0.  0.
  0.  0.  0.  0.  0.  0.  0.  0.  0.  0.  0.  0.  0.  0.  0.  0.  0.  0.
  0.  0.  0.  0.  0.  0.  0.  0.  0.  0.  0.  0.  0.  0.  0.  0.  0.  0.
  0.  0.  0.  0.  0.  0.  0.  0.  0.  0.  0.  0.  0.  0.  0.  0.  0.  0.
  0.  0.  0.  0.  0.  0.  0.  0.  0.]