[ 0.  0.  0.  0.  0.  0.  0.  0.  0.  0.  0.  0.  0.  0.  0.  0.  0.  0.
  0.  0.  0.  0.  0.  0.  0.  0.  0.  0.  0.  0.  0.  0.  0.  0.  0.  0.
  0.  0.  0.  0.  0.  0.  0.  0.  0.  0.  0.  0.  0.  0.  0.  0.  0.  0.
  0.  9.  0.  0.  0.  0.  0.  0.  0.  0.  0.  0.  0.  0. 12.  8.  0.  0.
  0.  0.  0.  0.  0.  0. 30.  0.  0. 10.  5.  6. 20.  0.  0.  0.  0.  0.
  0.  0.  0.  0. 29.  0.  1.  2. 19.  0.  0.  0.  0.  0.  0.  0.  0.  0.
 24.  0. 11.  4.  3.  0.  0.  0.  0.  0.  0.  0.  0.  0.  0. 16. 13.  7.
 15. 17. 18.  0.  0.  0.  0.  0.  0.  0.  0.  0. 14.  0. 21.  0. 27.  0.
  0.  0.  0.  0.  0.  0.  0.  0.  0.  0. 22.  0. 23. 28. 31.  0.  0.  0.
  0.  0.  0.  0.  0.  0.  0.  0.  0.  0. 25.  0.  0.  0.  0.  0.  0.  0.
  0.  0.  0.  0.  0.  0.  0.  0. 26.  0.  0.  0.  0.  0.  0.  0.  0.  0.
  0.  0.  0.  0.  0.  0.  0.  0.  0.  0.  0.  0.  0.  0.  0.  0.  0.  0.
  0.  0.  0.  0.  0.  0.  0.  0.  0.]