[ 0.  0.  0.  0.  0.  0.  0.  0.  0.  0.  0.  0.  0.  0.  0.  0.  0.  0.
  0.  0.  0.  0.  0.  0.  0.  0.  0.  0.  0.  0.  0.  0.  0.  0. 27.  0.
 36.  0.  0.  0.  0.  0.  0.  0.  0.  0.  0.  0. 19.  0. 26. 34. 33.  0.
  0.  0.  0.  0.  0.  0.  0.  0.  0. 29. 18. 28. 24. 30. 31.  0. 11.  0.
  0.  0.  0.  0.  0.  0. 21.  6. 16. 20. 22. 23. 10.  0.  0.  0.  0.  0.
  0.  0.  0. 35.  0.  5. 14. 32.  8.  0.  0.  0.  0.  0.  0.  0.  0.  0.
  0.  0.  7.  3.  4.  0. 25.  0.  0.  0.  0.  0.  0.  0.  0.  0. 13. 12.
  2.  1. 17.  0.  0.  0.  0.  0.  0.  0.  0.  0. 15.  0.  9.  0.  0.  0.
  0.  0.  0.  0.  0.  0.  0.  0.  0.  0.  0.  0.  0.  0.  0.  0.  0.  0.
  0.  0.  0.  0.  0.  0.  0.  0.  0.  0.  0.  0.  0.  0.  0.  0.  0.  0.
  0.  0.  0.  0.  0.  0.  0.  0.  0.  0.  0.  0.  0.  0.  0.  0.  0.  0.
  0.  0.  0.  0.  0.  0.  0.  0.  0.  0.  0.  0.  0.  0.  0.  0.  0.  0.
  0.  0.  0.  0.  0.  0.  0.  0.  0.]