[ 0.  0.  0.  0.  0.  0.  0.  0.  0.  0.  0.  0.  0.  0.  0.  0.  0.  0.
  0.  0.  0.  0.  0.  0.  0.  0.  0.  0.  0.  0.  0.  0.  0.  0.  0.  0.
  0.  0.  0.  0.  0.  0.  0.  0.  0.  0.  0.  0.  0.  0.  0.  0.  0.  0.
  0.  0. 16.  0.  0.  0.  0.  0.  0.  0.  0.  0. 10. 23.  0.  0. 15.  0.
  0.  0.  0.  0.  0.  0.  0.  0. 20. 19.  9. 17. 13. 18.  0.  0.  0.  0.
  0.  0.  0.  0.  0.  0.  0. 21.  7. 12.  0.  0.  0.  0.  0.  0.  0.  0.
  0.  0.  0.  0. 11.  6.  3.  4.  0.  0.  0.  0.  0.  0.  0.  0.  0.  0.
 14. 22.  1.  2.  5.  0.  0.  0.  0.  0.  0.  0.  0.  0.  0. 24.  0.  0.
  0.  0.  8.  0.  0.  0.  0.  0.  0.  0.  0.  0.  0.  0.  0.  0.  0.  0.
  0.  0.  0.  0.  0.  0.  0.  0.  0.  0.  0.  0.  0.  0.  0.  0.  0.  0.
  0.  0.  0.  0.  0.  0.  0.  0.  0.  0.  0.  0.  0.  0.  0.  0.  0.  0.
  0.  0.  0.  0.  0.  0.  0.  0.  0.  0.  0.  0.  0.  0.  0.  0.  0.  0.
  0.  0.  0.  0.  0.  0.  0.  0.  0.]