[ 0.  0.  0.  0.  0.  0.  0. 81.  0.  0. 90.  0. 23.  0.  0.  0.  0.  0.
  0. 92. 82. 80. 83.  0. 89.  0. 22.  0.  0.  0.  0.  0. 88. 77. 76. 74.
 72. 68. 75.  0. 18. 31. 42.  0.  0.  0.  0. 87. 84. 78. 30. 69. 67.  0.
  4.  9.  8. 11.  0.  0.  0. 91. 85. 64. 53. 55. 29. 63. 20.  5.  1.  6.
 41. 40.  0.  0. 94. 79.  0. 65. 52.  0. 21. 14.  7.  2.  3. 39.  0.  0.
  0.  0. 71. 70. 66. 54. 34. 59. 15. 10. 46. 37. 43. 45.  0.  0.  0. 86.
 93. 27. 26. 24. 16. 12. 25. 17. 51. 44. 47.  0.  0.  0.  0.  0. 73. 56.
 62. 13. 32. 19. 28.  0.  0. 49. 48.  0.  0.  0.  0. 58. 57.  0.  0. 38.
 33.  0.  0.  0. 50.  0.  0.  0.  0. 60.  0.  0. 95.  0.  0. 35.  0.  0.
  0.  0.  0.  0.  0. 61.  0.  0.  0.  0.  0.  0. 36.  0.  0.  0.  0.  0.
  0.  0.  0.  0.  0.  0.  0.  0.  0.  0.  0.  0.  0.  0.  0.  0.  0.  0.
  0.  0.  0.  0.  0.  0.  0.  0.  0.  0.  0.  0.  0.  0.  0.  0.  0.  0.
  0.  0.  0.  0.  0.  0.  0.  0.  0.]