[ 0.  0.  0.  0.  0.  0.  0.  0.  0.  0.  0.  0.  0.  0.  0.  0.  0.  0.
  0.  0.  0.  0.  0.  0.  0.  0.  0.  0.  0.  0.  0.  0.  0.  0.  0.  0.
  0.  0.  0.  0.  0.  0.  0.  0.  0.  0.  0.  0.  0.  0.  0.  0.  0.  0.
  0.  0.  0.  0.  0.  0.  0.  0.  0.  0.  0.  0.  0.  0.  0.  0.  0.  0.
  0.  0.  0.  0.  0.  0.  0.  0.  0.  9.  0.  0. 21. 23.  0.  0.  0.  0.
  0.  0.  0.  0.  0. 22. 20.  8. 12. 24. 15.  0.  0.  0.  0.  0.  0.  0.
  0.  0.  0.  0. 19.  6.  5.  3. 18.  0.  0.  0.  0.  0.  0.  0.  0.  0.
  0.  0. 13.  2.  1. 14.  0.  0.  0.  0.  0.  0.  0.  0.  0.  0. 16. 10.
 17.  4. 11.  0.  0.  0.  0.  0.  0.  0.  0.  0.  0.  0.  0.  0.  0.  7.
  0.  0.  0.  0.  0.  0.  0.  0.  0.  0.  0.  0.  0.  0.  0.  0.  0.  0.
  0.  0.  0.  0.  0.  0.  0.  0.  0.  0.  0.  0.  0.  0.  0.  0.  0.  0.
  0.  0.  0.  0.  0.  0.  0.  0.  0.  0.  0.  0.  0.  0.  0.  0.  0.  0.
  0.  0.  0.  0.  0.  0.  0.  0.  0.]