[ 0. 49.  0.  0.  0.  0.  0.  0.  0.  0.  0.  0.  0.  0.  0.  0.  0. 34.
  0.  0.  0.  0.  0.  0.  0.  0.  0.  0.  0.  0.  0. 30. 33. 48.  0.  0.
  0.  0.  0.  0.  0.  0.  0.  0.  0. 20.  0. 29. 45. 14.  0.  0. 25.  0.
  0.  0.  0.  0.  0.  0.  9. 19. 31. 13. 32. 26. 24. 36. 39.  0.  0.  0.
  0.  0.  0.  1.  4.  7. 12. 21. 22. 35. 68.  0.  0.  0.  0.  0.  0.  0.
  2.  3.  6. 15. 16. 27. 44. 41.  0.  0.  0.  0.  0.  0.  0. 61.  5.  0.
  8. 17. 50. 28. 46. 66. 67.  0.  0.  0.  0.  0.  0. 60. 23. 37. 10. 18.
 52.  0. 47.  0.  0.  0.  0.  0.  0.  0.  0. 38. 51. 40. 11. 54. 53.  0.
  0.  0.  0.  0.  0.  0. 65. 64. 62. 42. 58. 63. 55.  0.  0.  0.  0.  0.
  0.  0.  0.  0.  0. 43.  0. 56. 73.  0.  0.  0.  0.  0.  0.  0.  0.  0.
  0.  0. 70. 69. 59. 57. 71. 72.  0.  0.  0.  0.  0.  0.  0.  0.  0.  0.
  0.  0.  0.  0.  0.  0.  0.  0.  0.  0.  0.  0.  0.  0.  0.  0.  0.  0.
  0.  0.  0.  0.  0.  0.  0.  0.  0.]