[ 0.  0.  0.  0.  0.  0.  0.  0.  0.  0.  0.  0.  0.  0.  0.  0.  0.  0.
  0.  0.  0.  0.  0.  0.  0.  0.  0.  0.  0.  0.  0.  0.  0.  0.  0.  0.
  0.  0.  0.  0.  0.  0.  0.  0.  0.  0.  0.  0.  0.  0.  0.  0.  0.  0.
  0.  0.  0.  0.  0.  0.  0.  0.  0.  0.  0.  0. 28.  0.  0.  0.  0.  0.
  0.  0.  0.  0.  0.  0.  0.  0.  0.  0. 27.  0.  0.  0.  0. 13.  0.  0.
  0.  0.  0.  0.  0.  0.  6. 31. 23. 22. 18. 12. 24. 25.  0.  0.  0.  0.
  0.  0.  0.  0.  5.  0. 17. 10.  0.  0.  0.  0.  0.  0.  0.  0.  0.  0.
  0. 29.  3.  4. 21.  0.  0.  0.  0.  0.  0.  0.  0.  0.  0.  0.  9.  2.
  1. 14. 26.  0.  0.  0.  0.  0.  0.  0.  0.  0. 19. 11. 16. 15.  7.  0.
  0.  0.  0.  0.  0.  0.  0.  0. 20.  0. 30.  0.  0.  0.  8.  0.  0.  0.
  0.  0.  0.  0.  0.  0.  0.  0.  0.  0.  0.  0.  0.  0.  0.  0.  0.  0.
  0.  0.  0.  0.  0.  0.  0.  0.  0.  0.  0.  0.  0.  0.  0.  0.  0.  0.
  0.  0.  0.  0.  0.  0.  0.  0.  0.]